# Force,Distance
0.03460353334884694,7.1782013443723915
0.16762522144996805,7.150620084350548
0.16012475865045314,7.120508210054577
0.08686246660181955,7.084300755658447
0.3048632519935243,7.091950530543658
0.0649710409610212,7.129943881360653
0.1323609789265921,7.1583449356183095
0.21071113494540547,7.192514349968375
0.07459045290281241,7.225076622559818
0.06974855304157093,7.261109168270455
0.039364767262750434,7.291002214341857
0.036399545144599976,7.319742924955561
0.02055048824123351,7.356395317840445
0.13991085656803345,7.388441741009537
0.07005843500867497,7.420944040156856
0.11071947482932663,7.453495469719085
0.07667178820346397,7.486673172719206
0.06178412500846231,7.515271175180951
0.18634538512173274,7.548754371195882
0.014680993011898463,7.584024401829655
0.0929932050229395,7.608365256397734
0.2873195889622678,7.646315822924491
0.011538711572413414,7.675385475367481
0.1988929247057746,7.70982282355066
0.1584528064145588,7.740503608075731
0.1501082829925559,7.775928712442907
0.11837321514724265,7.8061383561900755
0.048360935924742415,7.835758771422892
0.1792639253581404,7.869477183867305
0.1920712349743178,7.900669591757433
0.21011896331048266,7.93751316391168
0.06937207027253012,7.969325957019231
0.21744181836191984,8.001215408694414
0.06167223610384825,8.028637081952912
0.07431749000265024,8.061682615979912
0.1879965345936969,8.097705969627514
0.13605533787071453,8.12903543870275
0.16813550123974186,8.158825179336125
0.12727493720705796,8.193876757148445
0.13893364152389368,8.226186610579804
0.16509524370295525,8.258385772894025
0.3174880881770196,8.289366836829233
0.12995028823134988,8.322628678534027
0.1921175205548614,8.356254092483509
0.14739384616995957,8.384029437006268
0.212280948657511,8.418015521529123
0.304745995261171,8.452036747174747
0.27098723899367677,8.484645028956512
0.1113399375248655,8.517738761459047
0.19189967697186192,8.551414051527157
0.10966698968196753,8.578946785323723
0.20701415902115977,8.614414333167337
0.15204611157373937,8.640892957219465
0.18098511300011116,8.67901123602696
0.36543637283770136,8.709577005148068
0.2913106298586849,8.7392433235408
0.27247940493550976,8.771732645529823
0.36045055088433703,8.804748622037783
0.39730391630983514,8.83912942373736
0.18939020516914407,8.87383973189314
0.37333765198061086,8.899924092423172
0.2714472700523477,8.932909574296492
0.24709083988354083,8.968469038839906
0.23610176127541965,9.00259618364359
0.35048737538558533,9.032995804043754
0.3140440958352484,9.064072160439574
0.36815791627536193,9.099409435555462
0.4117657771056059,9.129946485840858
0.4199040746754209,9.161159597948874
0.4390243083144119,9.191321177570096
0.31146439312969465,9.225277047295387
0.40636159048115317,9.257566389469899
0.4293698530984283,9.289722752217523
0.42126895810913906,9.319505049095447
0.4392596795182259,9.357259057884498
0.433619205405538,9.38407596577479
0.5025866777938958,9.419975980367804
0.3030546519405071,9.452599434004677
0.256962137504335,9.481777103057357
0.5366558615819835,9.517233132078868
0.6116154345795994,9.549628899616923
0.45313910311907113,9.580177632130596
0.5348393654361462,9.612759837146138
0.5045404318157151,9.646953311005609
0.4831165195859649,9.677554021254288
0.5729045519587913,9.712716585105328
0.4639059666527216,9.742909097738359
0.39209653105032405,9.774668183549496
0.629198822560166,9.809917099930136
0.569009989611278,9.838124802366695
0.42828025114235524,9.869161677046392
0.49048802796456,9.901161483635642
0.48072348142566185,9.935703731521112
0.4435378454513844,9.969077054793798
0.5023218247448775,10.000500410041806
0.628720096172738,10.030794924858318
0.5228651899441554,10.067302625823052
0.41933686662692815,10.098152705624493
0.5944219322005546,10.129671506982914
0.6303474706967451,10.163454732882515
0.49788711902261606,10.194931911447696
0.531350662313705,10.22592393667116
0.5963353691565085,10.256123226777571
0.6826671600062085,10.292158161200073
0.7169226245273741,10.322736265038994
0.7361925987402227,10.352969305945315
0.6649088147542606,10.388629650648207
0.7117874241797081,10.420072095624755
0.7675632646303638,10.452624068238988
0.6535976920216956,10.484701112250916
0.7540654157830087,10.517085564600466
0.6313178297272702,10.54923868305217
0.6535908087295113,10.584956761013874
0.7286395311064295,10.61264142120387
0.7503844594572386,10.651292477360789
0.5576090354444795,10.67796180702765
0.6709645349912557,10.711624833441544
0.4691680357564826,10.74120461777693
0.770665039491799,10.77436130652108
0.6846372398964017,10.806594024034933
0.7769794083021249,10.841586826800013
0.7386557306511219,10.871613370563917
0.6911282344238786,10.905319486479371
0.7036084808902063,10.94175519033746
0.7631869093128559,10.967978236691918
0.7060218295546298,11.002031685646804
0.778212827662117,11.03145388032898
0.8560052826648435,11.068683956708433
0.8033955242604713,11.100134920569674
0.8917186408818294,11.130857507733758
0.8355237650845853,11.166595998771012
0.9180582969837495,11.194258948242089
0.8729200872512732,11.228402756400072
0.6564399329856438,11.2629475758176
0.7043363145928097,11.294057181290054
0.7770651986786086,11.322383472518295
0.9560606308371268,11.358054730577102
0.7710254388718968,11.390071160589203
0.788788579709896,11.423239828707372
0.9174558524526945,11.458039674564452
0.9358876554655353,11.48519334923743
0.9542367285268728,11.516493894632438
0.8583240366327387,11.549579139291133
0.9677064027029154,11.585506566059358
0.9494988927545827,11.616924702605113
0.8536263166871249,11.64488475728114
0.8605580646062142,11.677542971191958
0.8883226578632216,11.716218692348097
0.8725493219015903,11.744582260986501
0.8693952682575176,11.77617037359547
1.0196042563374887,11.81066929065005
0.8690754457879561,11.840036974045141
1.0436741786554926,11.875410840479091
1.0982061249575794,11.904558573229892
0.8664185759573788,11.939578918190897
0.992091021274476,11.969435302449291
0.997970661590081,12.0043236135486
0.9745508320840219,12.037330388897157
0.9861715823042072,12.070638157982078
1.0390044663679985,12.100861895920357
1.0221113513279325,12.135134600448716
1.0263454619902428,12.162552886946774
1.0240705265182495,12.198926008684836
1.1007593539044986,12.229203936726453
1.044502647899674,12.26340195718453
1.197635365611139,12.298951611627128
1.1420431873128587,12.326428787383115
1.2426190928505498,12.360251562343393
1.1418992163437494,12.391887296825747
1.2919455587777027,12.42769522010002
1.2073110845398487,12.45572492418323
1.1562219823414517,12.490888034835454
1.3025221126543352,12.520632038554194
1.252197216416842,12.551200905695634
1.182905342279278,12.588998810482419
1.327693984017832,12.61720699485657
1.2077501405654454,12.652294331694886
1.2501048787888354,12.685305609964278
1.3003005045264098,12.71046095256754
1.30147254793247,12.748975389642428
1.332631790155257,12.78253460130206
1.4079775747956038,12.81148565018131
1.271596786150095,12.84547401182554
1.2882978216247627,12.877371920683785
1.3565539620577411,12.909043146818888
1.3436451768182882,12.940226299095357
1.4236028495071331,12.973527336378275
1.2867786801354852,13.008587043735282
1.387937556298873,13.042270138349345
1.4673858047229384,13.071462916477078
1.3744001683339633,13.102612189561786
1.3525790917369642,13.137506761419495
1.4415320381991814,13.169206007420367
1.3695252993093763,13.203466355239147
1.3882592745869116,13.234898848256151
1.4883126638243316,13.26609163753303
1.426904580309748,13.299971883697687
1.5305780974978014,13.33029677590839
1.4954193515167042,13.36132065521334
1.5705548857654168,13.398186892075078
1.6800390341360834,13.429735560023936
1.5870248923425492,13.457999632291653
1.6639493205875777,13.491309089462984
1.7743186613354534,13.521617502922457
1.759955137392199,13.554685927430814
1.7240490990663642,13.59002626546226
1.858516966219647,13.62273745834904
1.859765168784868,13.652176700369413
1.8491332028620038,13.687432066596024
1.9086866698043825,13.719817640518617
1.9333625949839088,13.75053548018467
1.9030550994292188,13.78205560293096
1.9242449807478264,13.814677117806998
1.934446135633794,13.845673770368148
2.096063913929427,13.881080742531676
2.1332670664048057,13.915116252625463
2.0660076468429858,13.942453521307385
2.0265498228745322,13.974063358599288
2.195242477286629,14.008227796861625
2.153410574731987,14.04286939372956
2.0713657472364133,14.073888428619469
2.0471571728791105,14.104911438057787
2.364737945338947,14.140789697185888
2.2231753999815758,14.168982902031392
2.4340863248613944,14.199268752987223
2.3707311793175156,14.235647920155696
2.471296016711335,14.267363689918163
2.5389025793817686,14.29672553783897
2.5534173208297406,14.329779221805246
2.6079349630902895,14.361245879527662
2.5153766673824016,14.394105874586401
2.6174484996430323,14.430879338271943
2.785006454183294,14.462157572243107
2.934207000011098,14.491688379581262
2.866623889527014,14.523647225595365
2.984575060840946,14.557441361526376
3.2241979969046444,14.591969362540837
3.1916514506999243,14.621279005575431
3.3049420763333783,14.653043404778117
3.3379578805025822,14.685370875559329
3.611501272565574,14.717501741719975
3.736990894128579,14.748112812108126
3.6947499930188985,14.782607029840879
3.8928111920092263,14.812534996034703
4.020549288578747,14.84241339986324
4.162047827933069,14.875505554963215
4.29272646693859,14.9069199195371
4.475757643443026,14.937935275908924
4.523450277958714,14.972273024978758
4.606475931369659,15.004680737228444
4.822708001609222,15.033877791509607
4.943890450185246,15.06457448918286
5.198447241493301,15.097700602005968
5.434985923302996,15.126625897656591
5.668864712093257,15.159699587221208
5.892635334269082,15.189680726928081
6.2077223775563475,15.221310706005305
6.38426957170034,15.256683004804781
6.5237206799700145,15.28484802189801
6.918581843044812,15.31843152716855
7.210018688384381,15.344940541524611
7.508990385810319,15.377540251393292
7.7804618578552684,15.41299580628473
8.18594447436652,15.43818498187844
8.645316281129627,15.467647355664756
9.160319728075224,15.49867994104364
9.647356253794328,15.526548673830764
10.17074121153608,15.559497002324889
10.569620208187622,15.588008621672593
11.274423654637266,15.615656883581309
11.82409331610058,15.645195010931268
12.504908139478658,15.675123008125357
13.126581993343821,15.70636894060894
13.850514894086139,15.736313029470097
14.670874728997836,15.763510227318868
15.385281232485234,15.793479307939226
16.3450435587675,15.81633933208413
17.23424071930553,15.847899427929523
18.24574725137927,15.872385529294796
19.196178134787157,15.901006925991013
20.254726619562796,15.928554693537304
21.33146239869009,15.954718282972198
22.459169491209593,15.979033017823124
23.671900638229225,16.009219023365297
24.842042459275994,16.03208368451565
26.242944113871825,16.059134054620582
27.384903520411147,16.08312479435385
28.751075076802557,16.108835003950336
30.115090908382083,16.13606789219221
31.495024683190874,16.160959939493075
32.73662543605714,16.185519591771307
34.303397845622854,16.210501633711353
35.76571833105428,16.23428940357422
36.94811745686921,16.259576069239404
38.532838748062694,16.282765101722102
40.06268415798022,16.31382379062568
41.25829422236694,16.333344610647533
42.66615656864212,16.360229619044063
44.03389324564732,16.386390796466106
45.23394258113546,16.41539764418566
46.704132639966666,16.436223920131052
47.90560723625051,16.4648678779492
49.241708920905644,16.4906419564166
50.31943442063403,16.514808601084198
